BIOMAS = {
        0: ([-1, -1, -1], 'Oceano', (56, 148, 194)),
        1: ([-1, -1, -1], 'Oceano profundo', (27, 59, 140)),
        2: ([-1, -1, -1], 'Rios y lagos', (126, 180, 237)),
        3: ([0.5, 0.0, 0.5], 'Costa', (245, 240, 108)),
        4: ([0.75, 0.1, 0.05], 'Polo', (250, 250, 250)),
        5: ([0.8, 0.15, 0.45], 'Pantano', (33, 133, 99)),
        6: ([0.35, 0.25, 0.55], 'Dehesa', (128, 179, 30)),
        7: ([0.6, 0.3, 0.55], 'Selva', (0, 183, 10)),
        8: ([0.2, 0.3, 0.6], 'Savana', (228, 125, 28)),
        9: ([0.0, 0.3, 0.8], 'Desierto', (255, 211, 29)),
        10: ([0.8, 0.3, 0.3], 'Setas', (152, 3, 252)),
        12: ([0.65, 0.35, 0.45], 'Sakura', (235, 89, 235)),
        13: ([0.4, 0.4, 0.4], 'Bosque', (53, 118, 43)),
        14: ([0.2, 0.65, 0.7], 'Meseta', (110, 88, 66)),
        15: ([0.7, 0.8, 0.2], 'Tundra', (208, 208, 240)),
        16: ([0.15, 0.8, 0.85], 'Volcanico', (159, 16, 16)),
        17: ([0.35, 1, 0.35], 'Montaña', (125, 125, 125))
    }